3

4
67.6679 112.857 115.989
77.6679 146.318 107.023
58.7021 127.857 148.309
101.129 110.537 130.989
4
2 1 0
3 2 0
1 3 0
1 2 3
4
0.260226 0.354463 0.282971
0.0199687 -0.17556 0.224462
0.216075 0.0128297 -0.183862
-0.21277 0.187904 -0.00878833

8
50.0845 81.6294 36.1298
85.3497 81.3085 47.6568
78.8329 92.8356 81.4507
43.5678 93.1565 69.9236
45.294 46.3643 42.6465
80.5591 46.0434 54.1735
74.0424 57.5705 87.9674
38.7773 57.8913 76.4404
12
0 1 5
5 4 0
6 7 4
4 5 6
7 3 0
0 4 7
1 2 6
6 5 1
3 7 6
6 2 3
0 3 2
2 1 0
8
0.0217425 0.255607 -0.287216
0.588074 0.137807 -0.198625
0.372058 0.50385 0.135804
-0.065102 0.366043 0.33443
0.146311 -0.533424 0.158497
0.366931 -0.366042 -0.33443
0.424446 -0.275323 0.483417
-0.0697065 -0.167381 0.492927

8
148.968 139.495 41.0727
176.961 134.799 62.9131
165.085 156.639 90.7689
137.093 161.335 68.9285
128.708 111.502 52.948
156.7 106.806 74.7884
144.825 128.647 102.644
116.832 133.343 80.8038
12
0 1 5
5 4 0
6 7 4
4 5 6
7 3 0
0 4 7
1 2 6
6 5 1
3 7 6
6 2 3
0 3 2
2 1 0
8
0.0416315 0.165526 -0.555002
0.602735 -0.108697 0.009959
0.312596 0.463663 0.101968
-0.290136 0.572366 0.0920093
-0.3126 -0.463657 -0.101962
0.290137 -0.572353 -0.092006
-0.0416322 -0.165518 0.555007
-0.602735 0.108703 -0.00995499
